10,267
10,307
10,255
10,21
10,13
10,97
10,153
10,223
10,2
10,3
11,26
11,19
11,4
11,5
11,15
11,22
11,6
11,1
11,10
11,2
11,3
9,7
9,1
9,5
9,2
9,3
8,5
8,13
8,17
8,7
8,10
8,1
8,14
8,2
8,3
12,2
12,1
12,3
20,2
20,1
20,3
19,2
19,1
19,3
18,1
18,3
2,2
2,1
2,3
50,3
50,2
50,1
50,0
46,4
46,3
46,2
46,1
46,0
45,5
45,4
45,3
45,2
45,1
45,0
30,2
27,2
10,283
10,219
10,209
10,1
10,183
3,3
3,2
3,1
0,472
0,243
0,0
30,3
30,5
30,1
27,3
27,1
27,4
30,4
0,273
0,270
13,1
13,3
14,1
14,3
0,9
51,34
51,33
51,32
51,31
51,30
51,29
51,28
51,27
